0.0853820653954727
0.0853604277266281
0.0852955303268843
0.0851874200323135
0.085036174960172
0.0848419045956689
0.084604749915586
0.0843248835509356
0.0840025099915265
0.0836378658360362
0.0832312200919792
0.0827828745308187
0.0822931641044195
0.0817624574300915
0.0811911573526512
0.0805797015932535
0.07992856349624
0.0792382528869541
0.0785093170554063
0.0777423418828899
0.0769379531311851
0.0760968179169069
0.0752196463969073
0.0743071936945169
0.0733602621008744
0.0723797035907563
0.071366422698279
0.0703213798047368
0.0692455948987946
0.0681401518784277
0.0670062034745611
0.0658449768884793
0.0646577802489212
0.0634460100105091
0.0622111594328851
0.0609548282996941
0.0596787340582463
0.0583847245839979
0.0570747927982274
0.0557510933912521
0.0544159619252001
0.0530719366065446
0.0517217830244175
0.0503685221388552
0.049015461762956
0.047666231699338
0.0463248225432831
0.0449956279242923
0.0436834895877285
0.0423937441735053
0.0411322697775569
0.0399055293322464
0.0387206064758603
0.03758522789987
0.0365077642458594
0.0354971996871805
0.0345630587878428
0.03371527874473
0.0329640165840277
0.032319385280872
0.0317911208292161
0.0313881939397612
0.0311183938490349
0.0309879246058968
0.0310010619307908
0.0311599173588771
0.0314643441535228
0.0319119983458964
0.032498543617787
0.0332179674167135
0.0340629630701279
0.0350253307090849
0.0360963568734333
0.0372671449116441
0.0385288815927955
0.0398730367079842
0.0412915004201401
0.0427766676135544
0.0443214801575846
0.0459194377515694
0.047564586708041
0.0492514942935653
0.0509752144846708
0.0527312494259638
0.0545155095849653
0.056324274592643
0.0581541560100239
0.0600020627246452
0.0618651693094139
0.0637408874292451
0.0656268402235755
0.0675208394989531
0.0694208655154698
0.0713250491293049
0.0732316560507596
0.0751390729856899
0.0770457954432939
0.0789504170115143
0.0808516199207659
0.0827481667359826
0.0846388930352969
0.0865227009506226
0.0883985534607929
0.0902654693416909
0.0921225186900328
0.0939688189482273
0.0958035313671725
0.0976258578520734
0.099435038143537
0.101230347292416
0.103011093392274
0.104776615538025
0.106526281983355
0.108259488473043
0.109975656729345
0.111674233074265
0.113354687171788
0.115016510876182
0.116659217174192
0.118282339210432
0.119885429386642
0.121468058526562
0.123029815099223
0.124570304494301
0.126089148343947
0.127585983886183
0.12906046336554
0.130512253467113
0.13194103478069
0.133346501291988
0.134728359898389
0.136086329946884
0.137420142792187
0.138729541373265
0.140014279806689
0.141274122995449
0.142508846252016
0.143718234934592
0.144902084095626
0.146060198141786
0.147192390504667
0.148298483321656
0.14937830712638
0.150431700548325
0.151458510021197
0.152458589499714
0.15343180018454
0.154378010255117
0.155297094610208
0.156188934615983
0.157053417861521
0.157890437921618
0.158699894126839
0.159481691340739
0.160235739744228
0.160961954627053
0.161660256186384
0.162330569332526
0.162972823501748
0.163586952476273
0.164172894211441
0.164730590670106
0.165259987664273
0.165761034704062
0.166233684854005
0.166677894596759
0.167093623704266
0.167480835116412
0.167839494827246
0.168169571778799
0.168471037762552
0.168743867328605
0.168988037702582
0.169203528710321
0.169390322710382
0.169548404534413
0.169677761435397
0.169778383043821
0.169850261331773
0.169893390585
0.169907767382943
0.169893390586747
0.169850261335266
0.169778383049061
0.169677761442383
0.169548404543144
0.169390322720859
0.169203528722542
0.168988037716546
0.168743867344312
0.16847103778
0.168169571797986
0.167839494848172
0.167480835139075
0.167093623728665
0.166677894622892
0.166233684881869
0.165761034733656
0.165259987695596
0.164730590703155
0.164172894246215
0.163586952512768
0.162972823539963
0.162330569372458
0.16166025622803
0.160961954670411
0.160235739789297
0.159481691387515
0.158699894175319
0.1578904379718
0.157053417913403
0.156188934669562
0.155297094665481
0.154378010312082
0.153431800243195
0.152458589560056
0.151458510083223
0.150431700612034
0.149378307191769
0.148298483388722
0.14719239057341
0.146060198212202
0.144902084167715
0.143718235008352
0.142508846327446
0.141274123072548
0.140014279885456
0.138729541453699
0.137420142874288
0.136086330030653
0.134728359983827
0.133346501379094
0.131941034869467
0.130512253557563
0.129060463457665
0.127585983979985
0.12608914843943
0.12457030459147
0.123029815198083
0.121468058627118
0.1198854294889
0.1182823393144
0.116659217279877
0.115016510983595
0.113354687280938
0.111674233185164
0.109975656842005
0.108259488587478
0.106526282099581
0.104776615656058
0.103011093512132
0.10123034741412
0.0994350382671089
0.0976258579775365
0.0958035314945524
0.0939688190775521
0.0921225188213325
0.0902654694749984
0.0883985535961431
0.0865227010880536
0.0846388931748493
0.0827481668777003
0.0808516200646957
0.0789504171577065
0.0770457955918022
0.0751390731365712
0.0732316562040749
0.0713250492851185
0.0694208656738496
0.0675208396599706
0.0656268403873056
0.0637408875957658
0.0618651694788056
0.0600020628969905
0.0581541561854063
0.0563242747711457
0.0545155097666697
0.052731249610947
0.0509752146730032
0.0492514944853063
0.0475645869032352
0.0459194379502401
0.0443214803597273
0.042776667819128
0.0412915006290572
0.0398730369200996
0.0385288818078935
0.0372671451294252
0.036096357093501
0.0350253309309347
0.0340629632931387
0.0332179676401453
0.032498543840787
0.0319119985675137
0.0314643443727341
0.0311599175746229
0.0310010621420176
0.0309879248116029
0.0311183940483135
0.0313881941318362
0.0317911210134667
0.0323193854568442
0.0329640167514337
0.0337152789034373
0.0345630589378556
0.0354971998286182
0.0365077643789324
0.0375852280248579
0.0387206065930915
0.0399055294420809
0.0411322698803722
0.0423937442696853
0.0436834896776553
0.0449956280083398
0.046324822621813
0.0476662317726966
0.0490154618314728
0.0503685222028417
0.0517217830841671
0.0530719366623328
0.0544159619772851
0.0557510934398751
0.0570747928436137
0.058384724626358
0.0596787340977762
0.0609548283365765
0.0622111594672904
0.0634460100425963
0.064657780278838
0.0658449769163639
0.0670062035005422
0.0681401519026252
0.0692455949213204
0.0703213798256952
0.0713664227177674
0.0723797036088654
0.073360262117689
0.0743071937101157
0.075219646411364
0.07609681793029
0.0769379531435583
0.0777423418943124
0.0785093170659333
0.0792382528966365
0.079928563505125
0.0805797016013848
0.081191157360069
0.0817624574368326
0.0822931641105178
0.0827828745363047
0.0832312200968807
0.0836378658403782
0.0840025099953312
0.0843248835542227
0.0846047499183724
0.084841904597969
0.0850361749619978
0.0851874200336746
0.0852955303277878
0.0853604277270786
